15
0
80.000000,96.000000,16.000000,16.000000,0.000000,1.000000,1.000000,1.000000,1.000000,1.000000,90.000000,0.000000,90.000000,582.000000,
0
80.000000,96.000000,16.000000,16.000000,0.000000,1.000000,1.000000,1.000000,2.034000,2.147500,100.000000,0.000000,133.500000,579.500000,
0
80.000000,96.000000,16.000000,16.000000,0.000000,1.000000,1.000000,1.000000,1.000000,1.000000,486.365051,401.679932,742.000000,673.000000,
0
80.000000,96.000000,16.000000,16.000000,0.000000,1.000000,1.000000,1.000000,1.000000,1.000000,514.726990,202.864014,238.000000,319.000000,
0
80.000000,96.000000,16.000000,16.000000,0.000000,1.000000,1.000000,1.000000,1.000000,1.000000,519.453979,169.728027,154.000000,260.000000,
0
80.000000,96.000000,16.000000,16.000000,0.000000,1.000000,1.000000,1.000000,1.000000,1.000000,524.180969,136.592041,70.000000,201.000000,
0
80.000000,96.000000,16.000000,16.000000,0.000000,1.000000,1.000000,1.000000,1.000000,1.000000,524.180969,136.592041,70.000000,201.000000,
0
80.000000,96.000000,16.000000,16.000000,0.000000,1.000000,1.000000,1.000000,1.000000,1.000000,528.907959,103.456055,-14.000000,142.000000,
0
80.000000,96.000000,16.000000,16.000000,0.000000,1.000000,1.000000,1.000000,1.000000,1.000000,533.634949,70.320068,-98.000000,83.000000,
0
80.000000,96.000000,16.000000,16.000000,0.000000,1.000000,1.000000,1.000000,1.000000,1.000000,510.000000,236.000000,322.000000,378.000000,
0
64.000000,80.000000,16.000000,16.000000,0.000000,1.000000,1.000000,1.000000,1.000000,1.000000,505.273010,269.135986,406.000000,437.000000,
0
80.000000,96.000000,16.000000,16.000000,0.000000,1.000000,1.000000,1.000000,1.000000,1.000000,500.546021,302.271973,490.000000,496.000000,
0
80.000000,96.000000,16.000000,16.000000,0.000000,1.000000,1.000000,1.000000,1.000000,1.000000,512.363525,219.432007,280.000000,348.500000,
0
128.000000,32.000000,16.000000,16.000000,0.000000,1.000000,1.000000,1.000000,1.000000,1.000000,507.636505,252.567993,364.000000,407.500000,
1
16.000000,16.000000,16.000000,16.000000,0.000000,1.000000,0.000000,3.141593,454.545990,545.453979,43.299000,